EET 7200 EEST 10800
1
354920399 354920400 370727999 370728000 386456399 386456400
402263999 402264000 417992399 417992400 433799999 433800000
449614799 449614800 465346799 465346800 481071599 481071600
496796399 496796400 512521199 512521200 528245999 528246000
543970799 543970800 559695599 559695600 575420399 575420400
591145199 591145200 606869999 606870000 622594799 622594800
638319599 638319600 646783199 646783200 686102399 686102400
701827199 701827200 717551999 717552000 733276799 733276800
749001599 749001600 764726399 764726400 780451199 780451200
796175999 796176000 811900799 811900800 828230399 828230400
846377999 846378000 859683599 859683600 877827599 877827600
891133199 891133200 909277199 909277200 922582799 922582800
941331599 941331600 954032399 954032400 972781199 972781200
985481999 985482000 1004230799 1004230800 1017536399 1017536400
1035680399 1035680400 1048985999 1048986000 1067129999 1067130000
1080435599 1080435600 1099184399 1099184400 1111885199 1111885200
1130633999 1130634000 1143334799 1143334800 1162083599 1162083600
1174784399 1174784400 1193533199 1193533200 1206838799 1206838800
1224982799 1224982800 1238288399 1238288400 1256432399 1256432400
1269737999 1269738000 1288486799 1288486800 1301187599 1301187600
1319936399 1319936400 1332637199 1332637200 1351385999 1351386000
1364691599 1364691600 1382835599 1382835600 1396141199 1396141200
1414285199 1414285200 1427590799 1427590800 1445734799 1445734800
1459040399 1459040400 1477789199 1477789200 1490489999 1490490000
1509238799 1509238800 1521939599 1521939600 1540688399 1540688400
1553993999 1553994000 1572137999 1572138000 1585443599 1585443600
1603587599 1603587600 1616893199 1616893200 1635641999 1635642000
1648342799 1648342800 1667091599 1667091600 1679792399 1679792400
1698541199 1698541200 1711846799 1711846800 1729990799 1729990800
1743296399 1743296400 1761440399 1761440400 1774745999 1774746000
1792889999 1792890000 1806195599 1806195600 1824944399 1824944400
1837645199 1837645200 1856393999 1856394000 1869094799 1869094800
1887843599 1887843600 1901149199 1901149200 1919293199 1919293200
1932598799 1932598800 1950742799 1950742800 1964048399 1964048400
1982797199 1982797200 1995497999 1995498000 2014246799 2014246800
2026947599 2026947600 2045696399 2045696400 2058397199 2058397200
2077145999 2077146000 2090451599 2090451600 2108595599 2108595600
2121901199 2121901200 2140045199 2140045200 2153350799 2153350800
2172099599 2172099600 2184800399 2184800400 2203549199 2203549200
2216249999 2216250000 2234998799 2234998800 2248304399 2248304400
2266448399 2266448400 2279753999 2279754000 2297897999 2297898000
2311203599 2311203600 2329347599 2329347600 2342653199 2342653200
2361401999 2361402000 2374102799 2374102800 2392851599 2392851600
2405552399 2405552400 2424301199 2424301200 2437606799 2437606800
2455750799 2455750800 2469056399 2469056400 2487200399 2487200400
2500505999 2500506000 2519254799 2519254800 2531955599 2531955600
2550704399 2550704400
